angle_right_elbow,angle_left_elbow,angle_right_shoulder,angle_left_shoulder,angle_right_knee,angle_left_knee,angle_right_hip,angle_left_hip,angle_right_axilla,angle_left_axilla,angle_right_thigh,angle_left_thigh
155.49034289863556,175.00483685336363,92.58787850740532,85.53284093861078,82.21807048230924,131.8900576779592,170.51204373663555,40.91245621032243,2.435464059685313,4.454973654924373,3.593239524470097,40.91245621032243
162.67261673548487,151.814469680127,78.61261721058004,110.34243801140931,173.03744139822365,176.95819523828658,96.50448454069327,86.2562776039614,0.7611742222410568,0.7089093139767815,56.12324276867679,86.2562776039614
176.2745511320363,175.67670820249012,47.08069369047086,108.77194934605902,163.29822417641586,177.06718152648347,101.58970422013009,88.1129267877223,2.6244192529264687,2.604270383716103,46.09762326070529,88.1129267877223
164.35775354279127,95.56069271001866,30.694448153378044,150.52442708175323,140.80130093509027,174.00014971764287,113.53026149204682,83.85477113973656,3.388429677194761,2.0490647295211564,31.41871310328088,83.85477113973656
178.02019348470648,140.53082668502296,50.605787660791776,123.51516874767867,126.17128974777401,170.72000998563715,130.24800892344473,80.5767033360413,2.9036000196669938,0.9240969927343514,18.60762470426141,80.5767033360413
167.26367331449438,178.27127589099726,62.69583542499532,100.57488796116735,62.27139082453904,140.7783781553889,168.04967937047715,48.22529092453726,0.749613744408633,1.595489624218463,4.760019273109887,48.22529092453726
162.05128994915202,179.98541508971496,65.79361208122596,107.30450923870936,19.72407185004013,41.43661862944642,124.1485457323336,56.5857082811603,0.7957476281843869,2.216976241023799,32.38131770002132,56.5857082811603
172.90003577619834,174.35862009056305,57.876324713079626,106.87418961169834,15.08107115661035,37.61234103213067,115.82236411690988,65.60885498214799,1.1195270760210394,2.4587830610654504,38.78894181946123,65.60885498214799
174.84980999815747,171.88344396710852,55.57148178719343,106.23226358788534,18.62480260381241,34.90784053765862,116.44332427541552,70.20112364547508,1.53069359660725,2.5733748552105067,38.538672730418085,70.20112364547508
170.34365813373088,161.2609573602808,55.909348838696665,102.08441722250711,14.852282157746538,58.60475838652444,100.20952339050285,86.81136462747524,0.8802386930624785,4.140342989331928,61.15842300155919,86.81136462747524
171.22287114500867,158.11370134930777,54.14509921248587,100.66755255424385,88.50274955390155,121.2960590536091,94.85354573787525,93.43722093099518,0.996680787051999,5.044796661322264,70.47159250257192,93.43722093099518
167.56529366257857,157.47556431000788,52.03374849370065,105.62041739063434,178.6028189727036,160.00092151767632,85.79784169077581,98.80004603753895,0.43729356322989377,5.612310888636985,85.24766984942852,98.80004603753895
165.8179003070978,161.2114330457104,49.88080747622733,112.5163643863479,179.59473800886522,166.35518189944122,77.73368144418573,108.08982274822105,1.101595228805546,5.161193018603593,95.735972056837,108.08982274822105
161.19955276028912,161.07888112164022,47.977254061861046,118.01642974851092,175.09891362488807,169.13970824000884,60.56566189256369,123.28964775253712,2.7456919531331105,5.37021660275913,116.05865105415677,123.28964775253712
158.7588042592914,158.12881843007594,46.6228229911504,119.39226892982725,176.4877882476839,168.514050365883,46.09270253565977,138.75731263816536,3.5931046925067016,5.934397080481145,131.76638787511214,138.75731263816536
159.05957686436793,156.31284624605664,47.09075709342715,117.6677433569341,177.5120716606111,167.01514422569676,51.94802200608662,135.24669720321367,3.5453746173393648,6.2691404488269775,125.48184335264807,135.24669720321367
157.19950727007193,155.17597438724727,46.34927380013353,119.41035340790526,177.80228328139057,163.98841739501682,43.28283929943685,143.64813326077925,4.160348305695411,6.4756786042078245,134.77952670814747,143.64813326077925
157.7720920519123,156.92125704997045,48.889672134923316,116.9804261635658,177.1475866261675,152.60538545807952,59.56174778059997,129.34719876057557,3.938274373271657,6.319088328995681,116.76321720213309,129.34719876057557
157.20968179181114,161.55664721987168,51.36651558926691,116.84419789577186,175.7362317340248,144.29576040042747,68.94606072003299,119.52061847369191,4.180429162817771,5.601506573193963,105.55457127007435,119.52061847369191
156.0976332138735,163.99598829032124,53.881294418854225,115.90693413459732,170.09124888807878,146.69474132627164,71.7855726825228,116.052064061003,4.429477702946231,5.338670451607208,101.90547462202,116.052064061003
155.47553858106502,158.60338686717952,55.02928180894558,111.16964865710696,170.41493053496006,143.77746326036376,73.72561513732603,114.42320531740569,4.279952667981865,6.00463035059554,99.58789219691573,114.42320531740569
155.6800540467237,155.81264648325939,54.734257419048504,109.38055029909475,170.02363118158308,141.9640089619575,72.73845766178854,115.59536761278434,4.151137420281512,6.366599192060884,100.51562988902026,115.59536761278434
165.26506214909008,166.7852470199756,85.36551087512785,86.12628628710075,176.04744128783935,166.4207760062429,67.4258619213518,120.5297058999341,2.453632269873192,6.1015539385350195,106.50710123348941,120.5297058999341
168.8612103696568,167.93525505736298,95.22329675551607,74.9337810476915,171.80746836972182,154.7457603656022,68.58134386202728,120.20497090327999,1.415929186628865,6.198790109203501,105.1705270111631,120.20497090327999
173.47153542986808,164.34421804115004,67.68392654910416,94.22938315500551,78.41594123535441,55.637957712687395,82.8646810974549,110.54456540015923,0.09120209771529265,5.76174844952301,86.53406837148128,110.54456540015923
173.93527018752354,172.93591663971614,72.54089627520236,81.51389774918664,43.359773235725164,40.832225701950414,98.42818511800095,100.02262318716032,3.7632633915994433,5.03294167331001,63.61451066729097,100.02262318716032
179.35582004376158,169.87532834460217,80.46703129541234,74.37261626087893,34.06711585381689,54.50239852196997,99.09705560013464,93.94278153094882,2.444397278877951,6.043737337833301,61.35663801277701,93.94278153094882
174.84400108063485,163.57119313463247,64.9556319821129,87.33759088341418,22.30681458996373,41.40246898974513,102.38342297043648,88.81227828491429,1.598680048820941,5.13463705838996,56.73142605723222,88.81227828491429
174.36740286344943,157.83895362556777,52.00734382443048,119.04043576997219,30.824368106207086,40.945867297548475,127.11924144614615,63.83701786862761,4.185646522400653,0.237089673699916,30.11064123501587,63.83701786862761
168.86331694097785,136.0712543059266,49.006772917758376,136.93732725607563,42.51860457477658,68.8760428216181,143.06125859369592,28.724523843628965,5.166079176783525,1.8989457756264359,18.607741311327437,28.724523843628965
168.19792878059434,146.37494442519346,46.25610997430004,129.24182143646541,33.5909113869896,34.74880124918258,125.60551017486016,68.49171866600464,5.09108042054529,0.9888541979660054,31.21893832401017,68.49171866600464
179.13554528370616,165.4421034950411,55.178245578264814,94.86968813229782,152.7792317636136,128.63283616320425,106.69924423399362,81.07080113545359,2.158638522810993,3.1106501194797738,57.77664476925212,81.07080113545359
178.42329364324522,157.64449094920525,54.92962470636968,91.12133841883758,127.23123793692284,113.68137025677873,102.52880770915151,84.5076754428726,2.175356803219162,4.2843608721686275,63.276015029422524,84.5076754428726
173.36096574117238,177.70540360938813,51.02858026490877,105.9418347237559,28.29634975405621,37.464614906792605,106.60698057861701,83.22434383060101,4.073166265162654,1.4098724768458735,53.942753948409745,83.22434383060101
169.16959668851666,168.85970495474825,50.75335478138018,108.53623995744363,27.63214166342417,40.27519811195484,106.20637640876991,84.44620176628109,4.738482247845157,0.5092909979779834,53.69180768672254,84.44620176628109
170.0556009602998,175.55088147790036,51.97121582515508,103.23495613781944,175.32283714716903,142.79831490180712,100.63456899960228,91.11523630727959,4.478934623158214,1.556380976534613,63.9905922936116,91.11523630727959
170.59849485809772,175.11601209548945,52.19603693996014,104.17077319870981,174.82280117780627,146.0004591486746,100.51335422874239,92.8882231008597,4.337586370122491,1.7370000898763318,65.6063925387964,92.8882231008597
165.48798102638037,157.74902705921096,47.42483922186714,117.30028263930947,171.25359625107941,150.79591793136376,99.9256573418558,96.644317783215,5.845858852813336,0.12683255710866487,65.24049384732723,96.644317783215
159.6728350250275,101.62894799424708,45.102775381639574,161.17306792321875,179.28633761318287,90.94726647431497,101.7739253441846,98.56826632862493,6.925215806644262,3.7085765135003284,59.371041245463346,98.56826632862493
167.12268680842934,138.74121889215886,51.19241925527081,128.76742953930932,171.9318657184742,142.11384093820183,100.00729850714747,98.04887335355812,6.031244964595166,2.0842856943148274,62.06041593269839,98.04887335355812
171.76760212962583,145.70268838180564,54.01857467095006,123.40510088846011,171.7643806757905,144.5200218657741,96.56728187591621,98.46216800877971,5.338934577788706,1.5206132607305385,65.63874525677988,98.46216800877971
174.80505066627,153.527142155512,56.06113922309998,117.60467209119162,173.8898795203086,148.4031415345094,95.5010274705177,98.05742224732597,4.612926729350104,0.5997812486890082,68.31579958201945,98.05742224732597
178.7294271253449,167.81499536385172,59.818944668054094,109.51654194643774,173.23714049219066,158.45621194129123,93.24347083191353,98.29224378001061,3.061549789358679,1.084786891022842,74.83060883369444,98.29224378001061
175.30383546001093,169.8925731234684,61.58992445661935,109.73690149550089,168.04339397124255,167.15154837646526,90.9797847986586,100.09352136152256,2.132147220250891,1.4781790544327356,79.1881879540951,100.09352136152256
173.8194587649073,170.77607771789465,64.2131620682835,108.17212598968547,176.63353933657018,161.63597289795516,92.72271494925444,99.9968823041217,1.8741164139197155,1.4900968989020984,76.50820290110534,99.9968823041217
173.52504586440534,179.64522540627104,58.42372349074196,110.0806008578108,177.88674863089426,158.56506398087527,93.2536935591588,98.9222946385616,1.7415814377145618,2.1870698604573446,76.66613055772558,98.9222946385616
171.18802565678743,173.89557022165425,56.24784998279354,110.47959465273928,179.39478540275522,154.6333797645862,91.93058744116699,98.64618281595688,1.0062562075572283,3.0873254971154998,78.64176252782352,98.64618281595688
171.79117307390513,176.38551307559044,56.20510497556763,111.83801760401812,148.05529917885576,129.27511166369945,94.62116997501886,99.23463292613894,1.1328894858521743,2.8302550044483032,74.90415269589187,99.23463292613894
172.10829757176427,177.26778405099634,55.76649904215686,112.42136986277,168.75369412893454,141.7669001192484,95.44033203100552,97.85790038935471,1.176526976768425,2.7313444278893892,74.05460409907715,97.85790038935471
170.89955642114788,176.82060165182637,55.73648096772808,113.01773997659186,178.23689561914892,161.85408914479856,93.06747953497134,99.34463050559856,0.9197335579159501,2.7328266423207266,77.63187293598867,99.34463050559856
169.39484367690716,176.29738450750025,55.97869630093881,113.35234392978123,178.55668988360284,161.9556113701305,93.34060711347517,99.19369458248588,0.5693884528186489,2.788611563241791,77.8023780792638,99.19369458248588
167.754891062066,168.30863258069817,56.40049474767437,108.59094084788876,178.1427785407939,164.67481311793222,90.57284872744103,101.74410279477814,0.35057337522071447,3.854996918407096,81.496956164945,101.74410279477814
167.70404755774507,169.22086973373234,56.88955078231853,107.81767485798616,176.49830543342978,161.69221453627426,90.69516240299085,103.01390639851911,0.6431898492274123,3.4531519797182995,81.0080373059418,103.01390639851911
166.7791221065024,170.23994489282921,57.41690203208532,108.3180419118438,176.83241579213845,160.07462202899762,90.88613388293952,102.84853567031593,0.43294851160257797,3.335920264858702,80.51818526925547,102.84853567031593
168.17198716933882,166.7507707547958,57.3631491721542,104.8948208516806,175.59101429411774,157.47138171326736,90.93919094573559,103.66767920973416,0.8591194912013662,3.8437798049383245,79.7778313663639,103.66767920973416
169.52349432030846,172.91417440511458,57.46257195078504,107.20671393567002,174.127531156435,154.63944100813012,93.41624679594042,102.204418934518,1.2806163529502266,2.9288257251216274,76.35329690632568,102.204418934518
170.20259463714615,176.03457029770993,57.830654094471846,108.01210941825153,175.3931174145871,153.68033443555458,93.80027767690038,101.71218718355186,1.451296467007672,2.5416424795655477,75.49693851812094,101.71218718355186
169.97525456175777,177.6267067296055,58.20121864578822,108.5731014650126,177.1053092717106,150.12750053141457,95.20306760682972,100.5288041360808,1.451296467007672,2.3069160249669753,73.21608855740112,100.5288041360808
169.93804232444214,178.42276328571572,58.537171504992116,108.77561559612485,175.6897192118947,152.90253790006565,95.10836243445425,100.67508195863661,1.451296467007672,2.215005576458065,73.39628960531684,100.67508195863661
169.0292454144525,177.65216455600014,58.467577095816566,109.13247271786986,174.200545597424,154.62101397847607,94.08546117245108,100.98251572798847,1.1952675811260558,2.3069160249669753,75.07648754899367,100.98251572798847
167.47059175651685,176.9355596567456,59.46148884740536,108.76415334174348,175.49196437895338,154.0736231210602,93.67675903379386,100.50043616606462,0.7664822944980011,2.587750895505183,76.07583861214658,100.50043616606462
168.1752598894766,167.68055474336342,58.47651405860181,103.59294058231126,177.1770150396917,157.9658949219668,91.65230467765132,101.17658334431894,0.806013901883313,3.783379018607895,78.95109432834528,101.17658334431894
170.97574539998604,165.31735999775182,50.488309134006286,109.616283786264,179.9755524983579,153.73644095052904,86.271697505185,104.79302457713857,1.1292957021788732,3.564593063133388,85.58843412084508,104.79302457713857
171.56841147566982,66.94397541153857,65.32321217532449,164.27095172126346,160.10964863900193,80.37582701153678,105.78498446849464,93.69371845591277,2.318989629468035,2.9525203265200792,56.50311440432921,93.69371845591277
172.85969060050905,100.60978144233684,52.687172234824686,169.42155816895476,177.02223578876473,124.43480127430811,101.0584792566912,96.22195877400247,4.4087975237084365,2.7621923400563797,63.50964992728768,96.22195877400247
163.9002219358245,141.07605272594216,41.50938832933054,133.36705647925396,178.06791653339698,135.31018293762844,96.23378403865864,100.16468018201783,5.845349061352644,1.1352278689395234,69.74626265397251,100.16468018201783
150.64246016449962,2.1379941808957534,20.942963620295007,94.05235189035588,178.50354377801833,121.19440423158554,96.791565537117,98.47051439527496,7.484126287921631,4.834994923964767,65.39151895742856,98.47051439527496
170.04300540387723,18.006310090219895,35.14220159893771,99.42174446727927,179.66334119643852,120.00487746404261,96.20309173896273,99.11867989277488,6.227401204391359,0.5181785131557199,66.97836935037066,99.11867989277488
178.63847284458762,158.13327139372674,49.84011248884705,92.07111463017765,171.6062182846061,137.50767732006054,92.87261394313366,96.86856077417002,3.7399130186448657,3.0372789935954247,73.9133188687805,96.86856077417002
166.61727599970484,157.00179136009618,52.99595943639808,102.53132244666364,168.6058598006986,147.64373344390663,83.20462720028047,106.05293097617445,0.38377467697696843,4.4609477645035875,88.6864594028471,106.05293097617445
170.3281474372792,156.54270456822303,53.236710049119196,100.4159650375862,174.2376973610739,155.34079089195666,81.03168779925046,108.15276239309216,0.8848484498662345,4.908221859414234,91.36151175614845,108.15276239309216
171.28383091490184,159.1553096901651,53.19649372596299,102.30053887899805,178.83073048917663,161.165087136344,81.62297554327263,107.9768605027451,1.0957605767609697,4.674622589212585,90.68214118880667,107.9768605027451
173.33546171476306,158.1894265213651,50.95818086286932,102.45220911907359,176.0380892621763,168.59229884107626,78.94495085590096,111.24482572750387,1.4434516522922947,4.768306579752846,93.00906986439986,111.24482572750387
172.6055489143945,172.3649821386534,78.28737250369352,90.09281165669353,179.22912496227727,165.89260378440582,71.79312529604196,118.11387564489254,1.1985455961953557,3.755454862375504,100.79800350119581,118.11387564489254
172.79450169507163,176.5279569160852,84.95743384023727,88.2223640895624,179.23610153907,167.3357109856146,65.62863831304162,123.6910578600824,1.0541429084412897,2.376153105564146,107.61368237130938,123.6910578600824
172.47521177852033,177.8626817083651,88.30962074363451,87.73833514043525,179.39964891139223,169.2264763192766,56.20470618367044,132.56030199647196,0.49917933585908597,1.9105732534880293,118.6704008278534,132.56030199647196
178.03191118602552,178.72492613151397,85.42652195888984,87.00777405409384,179.55096917302671,169.13408776756302,50.83649689020142,137.77719102830648,1.8704097429526758,1.6326872689995868,124.65277500381924,137.77719102830648
178.7739661161252,178.2084491775737,85.71782411511218,87.85477601832724,179.61028284214618,169.56116620258047,47.440247613122395,141.40292944429078,1.4120561270176788,1.7899999071427806,128.55466501028917,141.40292944429078
177.49309139694523,178.72492613151397,83.95625757290208,90.69567075706152,178.92881543637642,170.19932665594078,47.68706711334461,141.3365621687306,1.1015751116032864,1.6264187054739327,128.33936621381835,141.3365621687306
177.26987106916906,178.72170147035615,78.59128179711821,93.20456825761516,178.92376079625396,170.856092092329,45.620507647833946,143.50290087627062,2.0237924464702317,1.6657518868231622,130.3713242878792,143.50290087627062
178.40267394452758,179.25083187927117,80.6114821366076,92.36144681619885,178.70956222835656,171.40416201219128,42.345251542605894,147.0590819705257,1.7456821104800837,1.592418968132242,133.92750538213434,147.0590819705257
179.26855561891568,179.47391090508836,81.98329254357631,92.70963806046922,179.19938240741345,171.8776986713664,37.00356482909015,152.33209435515735,1.1446033263633062,1.5808829756832563,139.8944537454309,152.33209435515735
179.76697609285785,179.0954049662673,81.4036015149004,93.99865309264982,179.8737185745717,169.9688368299407,36.74361622041574,153.67633797948707,1.3598346496359621,1.1457816859948848,140.25614342448952,153.67633797948707
177.49573587084907,174.80557109226518,35.90081454666278,129.39922485895616,179.24846575543248,164.0814901918222,56.12685931940856,135.54361983051461,2.9426880951421976,2.1585813441493165,118.82482345813239,135.54361983051461
179.02121897641592,170.8033441083711,37.34143324451167,122.85929775838343,177.18134192983496,168.464734760836,73.28281720068361,119.19842241685387,3.3154481706802184,2.5582729046905284,99.56195512734416,119.19842241685387
175.43737440892002,161.3626895764005,44.72998540348141,109.8545103404617,178.1579367426081,169.4380053975749,78.92637451394988,113.17358103323426,2.353100636447655,4.19637230226227,92.12097299602453,113.17358103323426
178.10692070125043,160.71826739686384,47.306357465461446,102.60174569975277,178.99314795031418,143.65100470161892,83.51692630710276,108.91655916287345,3.1030780039719716,4.42437889585881,85.0208941560017,108.91655916287345
178.70953477314848,162.21108118279687,48.01887059668901,101.89342355400714,178.6855578922223,158.59477376381048,83.41226847689772,107.92698329633035,3.282450180557563,4.351645148349365,84.73959382998129,107.92698329633035
178.51646552873328,161.3837082566611,50.86473745036699,98.56261929684842,178.22895773737443,164.6127147399215,83.55108774034015,106.63451170744307,3.2751247775149563,4.9618605052541875,86.57263010294338,106.63451170744307
178.86570115118937,161.57228366624852,51.58507407736316,98.2003751474308,176.1712898133681,167.77654481395436,83.83344633043623,106.94306184540693,3.169967141998577,4.897744393925207,86.73587851532483,106.94306184540693
177.91625417139392,164.0221368549087,52.52156700367977,99.64921418413104,176.5720762312949,167.0224902552763,84.09476225152326,106.81841567617334,2.8614608947312368,4.501854985754505,86.35818270760336,106.81841567617334
179.7737388984189,172.17843128090107,53.118731888039505,101.96055986696967,174.04718420288856,166.54423293058667,84.56518832541956,106.85999936905424,3.4548691637384072,3.4940686542641335,85.57535397880076,106.85999936905424
178.61370332034105,173.30577086810683,51.61419698398916,104.50182824992811,167.09615673907751,173.05685439825,83.11320072219101,109.00867463807987,3.690037656333659,3.225806734572815,87.13965739719839,109.00867463807987
177.58697831112445,172.90941295780618,50.37851752884394,104.9488424195103,167.40820684955168,171.59598852563315,82.62054419864259,109.79163894605867,3.9979927948613305,3.252028982073831,87.94185924703885,109.79163894605867
177.61132893316508,175.5355062370999,50.620917505732,106.39522975252021,167.77072142902324,169.26110289909454,83.72649736516891,109.05545647075596,3.93084490565941,2.931465029194502,86.22180229283839,109.05545647075596
174.39118510625323,174.06394328700821,46.95616279858226,109.83608229573102,168.40162279653998,172.12746867150386,80.0472273170882,112.45484098608046,4.043041483562404,3.0925675249684086,91.84955348987614,112.45484098608046
176.62622103716322,172.58970572207136,44.487854134988346,115.29734908527868,171.27278174140906,172.63918571551474,71.97816078399279,118.92251031694403,3.025132714267651,3.3289222522174606,102.00240499659066,118.92251031694403
176.53828493248503,171.9161163340011,45.36823252632481,113.72102995060698,172.63658180111264,175.75675132350736,68.75003148138121,122.20709425567333,2.9544833441126697,3.6043005137770683,105.34202026278808,122.20709425567333
177.96151923969433,179.09994397008384,48.73762954341011,109.08701539203548,167.26969195033718,175.70117204505792,75.90364793665594,116.10523086390253,3.6452069482417206,2.735416007686153,95.8927968597971,116.10523086390253
173.19715859125074,179.72673126359516,44.01788283677581,110.65123300851633,167.99245266781037,171.6451599596358,68.78029875092287,123.84067331823707,4.917485316011088,2.6122205406748717,104.2218409527932,123.84067331823707
166.86797090721493,169.97681834709445,41.96781449467983,114.97391090588343,169.01287146924827,165.38100477147174,75.19370146512807,117.6889580917287,6.345153576970348,1.2221617023174856,96.30425461105756,117.6889580917287
167.65588846483118,163.02335947856915,50.400560089888124,111.90108947870647,176.8128851042014,142.36893818041375,90.1743273916153,102.98566082801705,6.072818117333018,0.4517973082648341,80.10476785389795,102.98566082801705
169.9233749470812,164.09606323316947,53.39941073285144,109.05940125792202,177.97576327582587,141.64192241341198,94.57190909896917,98.5455293735402,5.948032445496608,0.5469149216435687,74.6503250597525,98.5455293735402
172.46154291698883,165.43161289076593,55.439393942690934,107.27335025599524,172.24767124602536,150.21175351682888,94.43103931291353,98.02067022882801,5.70626351933707,0.7147998707713705,74.39958672291857,98.02067022882801
173.92111033757152,165.78027722486564,55.49718681866007,107.19038617435234,169.95345029689267,154.8405006141565,93.47412785910834,98.50574363801707,5.596633967972597,0.7498013560840817,75.28102685934874,98.50574363801707
176.12647757129693,171.9878507051769,58.32389925576319,100.08547629996247,168.67781332937545,157.00037465105802,94.83514988665844,96.07507713754848,5.096008632668283,1.521522733470636,73.26717440216106,96.07507713754848
176.5352525372764,175.55116711666292,58.345596481498504,98.18022988249754,167.92115780288776,160.96967663055068,94.10143374198529,96.94444993887697,5.001978782774116,1.8107227321084547,74.12064691020754,96.94444993887697
174.1245463532293,178.08042282375123,56.14077553988127,96.76213258486507,165.45669691257305,162.8314462680825,94.13928251163816,97.70119789542684,5.486991838974817,1.9765331178854502,74.04613563011793,97.70119789542684
172.59479613816526,177.7348299027359,55.38402068762014,91.07005536327432,163.9759000143412,161.6238372854276,96.43368065722501,96.8361136911684,6.156328979331293,2.5055847056031078,71.70861007092157,96.8361136911684
173.58336296320982,174.4867804012139,56.297425209535824,89.27256601129125,162.9302464345366,161.22313249125082,95.29037729687967,98.27211594038312,6.011851797649005,3.128535971008248,73.18099545991117,98.27211594038312
170.96242130325132,169.2368364966728,54.7856276146719,100.603174844982,163.4062889048948,160.3380259918561,95.24049410616503,98.53642636406698,6.656381499162493,1.3692418287941475,72.92071649420541,98.53642636406698
168.9108814440426,161.82908515833708,53.68292100104491,105.21122110790472,163.4742487525308,159.93064764396155,94.8033452857162,99.21031983696122,7.112278513547018,0.5843284615027244,72.97005120557856,99.21031983696122
166.4121523528653,175.076955088375,51.984978060508865,94.78016296463773,165.3128975141589,159.7193061722008,92.27844752344423,101.48182111389394,7.488328256472865,2.259485762914396,75.9733951604947,101.48182111389394
169.01991005492306,173.01947648403518,54.96191417573953,94.57163336390266,165.3128975141589,159.83462007535965,92.73156103324807,100.57185448522455,6.742425066137507,2.0214316418165827,75.0026832003345,100.57185448522455
172.46468309929216,174.53317568790607,67.83768615789117,92.36456982767447,170.12957658685056,165.22430292760353,84.10324087067374,105.67961996392873,2.020599194667189,3.920217630292815,87.94399854601966,105.67961996392873
170.75698907413127,172.2919345283365,69.73195456990996,87.86879317826026,174.75138170012585,154.27780419822162,91.09340449428942,98.84277675441649,2.071497481322527,4.100681803601981,77.71036007074929,98.84277675441649
175.2746415796739,172.59708390582298,64.08764156556983,91.06441513538533,172.11676482115539,159.92246129325474,88.78802401791279,101.09172425495046,2.858985904091797,3.868381235775586,79.7790842488875,101.09172425495046
174.66616304650935,173.65833224348935,50.07744792770824,103.96544646735276,170.2169119480704,165.8009848690804,81.57720659230145,108.90411210818584,4.506782947658669,3.1609335655587594,89.32707196793126,108.90411210818584
162.9107727691037,171.22797510115822,41.022752465513996,100.41256129589726,168.89378135633555,172.2190132748299,81.72851668655665,108.61743959773821,7.509812414501766,3.174161301359054,88.32086394706158,108.61743959773821
169.8817474502281,168.79020856456748,46.76035385073734,98.66131647778553,171.03647712605522,170.97952023557147,83.39455579270496,105.11310747770966,5.287604616843765,3.2405036902096462,86.94281520931418,105.11310747770966
171.57560207954324,170.33434188867346,47.25626520664235,101.1887999282518,173.45928229476576,166.274199225991,83.01443929044409,104.59430591874693,4.92865290823586,3.0023686115958355,87.22696727264133,104.59430591874693
169.74667077751533,168.07721662789535,45.643440261038016,104.01571069230621,171.12108196373376,174.7312265572972,78.45232706668679,110.84039492187387,4.9693116362381025,3.926856735630042,94.52726346930797,110.84039492187387
178.44378805024436,171.67150385921107,40.56128363229529,121.6103412007364,170.78481182400702,179.2522188035388,64.65453153272405,123.77137515100961,2.614436881351777,3.1111469474558024,111.34786532615843,123.77137515100961
176.42035974960527,166.50072783101328,39.365515468110615,124.03323754471856,171.43123540500474,177.94578829730503,44.53691435955224,143.24669501640298,1.1351340809925208,4.010000137875359,133.2658446155789,143.24669501640298
175.75007902644504,164.3356839650245,38.807243693493675,122.47119229084845,170.4775660285668,179.12763344899096,57.734290795347604,131.65596868735756,1.3411553555548874,4.196662987143477,118.49209177044014,131.65596868735756
178.7135421408991,163.80388268895052,34.29382765721538,123.51281896685845,169.47720241160826,179.8451469189025,53.03324466639256,137.33469984090164,2.3716444312453837,4.179971734427792,123.05213614077675,137.33469984090164
171.24136604026233,166.08951121186422,25.967563020326736,130.1642082186637,168.73355268103,179.38453009692938,48.37298662636674,142.27613523608056,3.494762181710826,3.456569387389216,127.918627101633,142.27613523608056
169.83088201788263,166.5737631034203,24.271916835719882,131.87484059122042,167.4771076097944,179.91065385050777,46.116339806233256,144.99597733401413,3.679526384693454,3.3482647171338753,130.46985427450727,144.99597733401413
172.88896171076735,166.91937497969968,24.74590490024949,133.65912961044563,167.15565721450508,179.79578713018824,43.1645160902188,147.78621583823374,2.950297106971988,3.252628123772136,133.74674770914942,147.78621583823374
173.56033243505146,167.05152677819765,22.70358452732174,136.96900487181267,167.2450555254614,179.97597684801775,40.72040640371923,150.33750593108414,2.544651335177095,3.1156971604434296,136.2996458563212,150.33750593108414
173.91925499822526,167.96162395566841,21.634782661890853,139.04748877666117,167.1042675982225,179.60837320511578,38.367485384861546,152.97781134625268,2.443782672213584,2.890218504839377,138.75172907052598,152.97781134625268
174.72206699636192,167.2088075223929,21.275379039349605,139.45988413513822,167.10007973883594,179.44727506342704,36.70720301587873,154.78965659844627,2.1754909573694605,3.005299001882573,140.55545962446215,154.78965659844627
174.4758618405547,166.96897772121682,21.48787488399528,138.74924138622328,167.23799971752186,179.24631422059863,33.6611886072998,158.04289584385046,2.2987407435822753,3.0229655508473736,143.65338777247385,158.04289584385046
169.41622702665865,164.11350330260734,31.408353581589655,115.76232392817306,164.09026351847362,177.1784504390565,64.94238458169698,128.77905007884038,4.866070038748491,3.539329539712346,109.5971436841474,128.77905007884038
175.65510970517911,176.04057459912306,55.33385431710196,111.85126786626316,163.1521025804275,174.83630421506084,68.42612455920292,123.43631599106135,3.2363953979775246,2.035318090070025,107.99326732516829,123.43631599106135
175.00746829667733,168.49249361411688,52.2679874296097,106.39635169179923,164.37031019184496,174.3365518763135,71.66548188844206,118.81867649445567,3.4958859606225485,3.8234582496016882,103.81955081890067,118.81867649445567
178.0658029137831,161.88288330587542,50.08343483830495,106.40445777982549,166.9565627187554,173.07470006016723,78.45373136222784,110.55363445071123,2.2285790934904512,4.441019446599863,95.92794615056732,110.55363445071123
176.00541449875695,159.14363735464286,51.009770852240464,104.06159606883827,164.797916731929,172.56023956408012,75.95300557140541,112.66396238737107,1.9509319573245911,5.001977451439356,99.06645964592889,112.66396238737107
177.11128606403076,157.81653484372222,46.210112905362585,106.67905070351634,164.29753595249292,172.63558901452512,71.65504702096324,117.47760630132862,2.304710834103679,4.747937002634207,103.24322990716087,117.47760630132862
175.36529402730778,159.81988359078386,47.47823267569835,108.55723686774701,161.33120700654172,176.47145902928068,69.40964593450934,120.8507532350792,2.0441662811149004,5.083588386646334,105.78947474597825,120.8507532350792
174.3239293203711,159.13195939737787,48.05144618345127,108.12389987267846,161.25612926826074,177.19972083196203,70.17452942275274,120.88978835794182,1.9499838607327786,5.102657849780255,104.88725358444805,120.88978835794182
172.78810384286814,158.36550365053577,49.49632148219289,106.6996061759871,161.11651723341546,177.28885464351433,73.24834819916146,118.25261117558784,1.7624327759727274,5.24520327278856,100.92983336761057,118.25261117558784
171.6682665280523,163.75907011918417,50.475674339371636,108.21921500397062,160.38614877740426,177.6532033027887,75.39328237994215,116.36742351755413,2.149004076256215,4.3032273296694274,98.31792797895355,116.36742351755413
169.38188519523783,163.0183866705699,54.37170872077973,103.60414079818509,159.4639977717497,178.24287429537046,84.86403844774468,106.1584390126493,1.8059260070403356,4.355017889944313,86.61234223079919,106.1584390126493
172.57077881699414,168.21060861403495,57.61633337571831,100.42474262782315,158.61434760504926,179.46741351219842,86.8123731216545,105.39167054526612,2.6878718396229275,3.800036227030126,83.6421505619054,105.39167054526612
173.6097331745747,177.497604225315,61.12974892237075,99.94955230926917,157.51727510383978,179.7433282439549,88.51641218803327,104.30237543679948,3.2360032312138687,2.8634044017661147,81.4087745677723,104.30237543679948
171.84999713662506,179.33900949195754,64.34728521175133,99.01211513921379,157.54583028217175,179.47404699344284,89.83601223002066,102.89287348433004,3.1188194721666083,2.782313937821474,79.85903907378867,102.89287348433004
173.08021337085648,179.357784802852,63.70172237519108,98.54298659108878,158.0545135277872,178.3800744779394,88.82210132632399,104.36108184609236,3.3892819592378873,3.097875684921031,81.06695400217575,104.36108184609236
173.19665702429614,179.81968342925637,62.19506789367793,101.37435315691789,156.84930373997705,177.2244437824987,86.53044685386283,107.42110180000634,3.350196819964318,3.002806539737361,84.32317580979736,107.42110180000634
176.82982970522266,173.85221560919663,56.56755932312677,112.16634582208246,157.949139336468,177.991640557617,81.65353974025922,111.00568593361254,3.628131432899629,1.443177577998861,90.25302191537259,111.00568593361254
177.890805384679,172.03631302093532,55.02041094390693,114.99047834631969,157.9547853687095,177.95120683605094,76.187314626964,117.40864106877243,3.680758760096064,1.1058198271115034,96.69885853685435,117.40864106877243
177.7146081522025,174.2745815529271,54.81389293175803,113.2006303078555,157.4079193086759,177.90038549179508,79.05491533567017,115.32659737805886,3.6910671567693822,1.372868769169399,93.65834110103947,115.32659737805886
176.91565128835467,174.79691688776103,56.25097142460465,111.66984566947673,157.58959776674968,178.14491474650535,79.71230422122579,114.5377284765778,3.6184040897509564,1.4414236800915348,92.8470888464451,114.5377284765778
177.06700196213623,175.7736888761962,56.0084015237997,111.29659423867531,158.96824519100068,177.7327356486734,79.0720034192344,114.69258155767531,3.5743780395880864,1.5245912261044927,93.51091294842075,114.69258155767531
177.53907356499013,177.39712384745002,55.5383187952842,110.31814522484422,158.98020340980028,177.09842939480617,79.46560882697263,114.38520215503766,3.560106760353014,1.6919884760704575,93.01671930950795,114.38520215503766
177.8038689603461,178.02112287285706,55.28993511098165,109.52944169574133,159.75965590606134,177.8285099159414,78.14024834302485,115.39246314094285,3.517551316353638,1.8878414878071517,94.30177089078165,115.39246314094285
178.22817727096484,178.1776228690556,54.37209270857909,109.76373635309642,159.65114130188246,177.98503059938716,77.66387717739195,116.02077919950244,3.523571323255785,1.9967137433499103,94.91700287766156,116.02077919950244
172.22029784215653,174.69838557916157,58.89653580234937,103.54197150647298,160.7622558174735,178.40338038437886,91.1670687952575,101.23813328915583,3.0242433041938597,1.1853604304850622,77.49000069650339,101.23813328915583
174.86668897366317,177.6658442374077,60.01625216429715,97.50000920696505,160.60461466888646,175.99555645473293,92.08108538395228,101.02618058160687,3.4319038373412045,1.8355910130739717,76.72107947731587,101.02618058160687
176.43945707802018,173.39466350202903,50.04537255042011,114.00246078326325,161.57158377454854,179.70311919466994,86.50867503208576,105.3144925465852,4.041507728786582,1.1395057478829123,84.94878841081612,105.3144925465852
176.19578234828109,163.07576775951205,70.27689702052743,109.56372435485096,167.470038289556,179.013240172798,56.1130405359483,131.63353933657018,3.395224459909988,2.8039581454234517,119.65270246206305,131.63353933657018
178.68935078852,171.36049718883464,47.137574906277024,129.82447746990368,166.19019166021275,177.48509813712593,43.636708685232094,145.07548108266107,2.5538882234683915,0.463889961083035,133.5233834013785,145.07548108266107
171.64190366182603,168.7064493032553,43.535889893832355,135.11685051001442,165.27663517153937,177.16899832213474,27.290688253581305,162.54812433350307,3.417404429103192,2.438702716692651,151.04697411168834,162.54812433350307
173.29394652450773,170.75013241935812,23.03061101675752,157.18247597738133,166.50919535413738,172.71649634118907,3.5214533769222354,175.00980785625876,2.5389057412840335,2.165213790570791,176.24827092947402,175.00980785625876
177.11266307516942,174.0181019611575,16.914859961682126,163.98172728832319,166.16408458495133,171.01544204664722,5.598875641501315,165.95737046661705,1.9407180218850744,1.6291554380210342,174.03504325274088,165.95737046661705
175.8861221811601,176.23158358565152,9.113624273295088,168.3484442689218,167.94985380864168,170.97111439678883,21.476212008719767,150.99436365123614,1.0839575580577394,1.2087357899628637,157.02305549681125,150.99436365123614
173.9998400791054,175.9350526922573,62.95348301708365,112.50010386933529,168.61416129590464,169.21467648434285,33.00411890357981,142.04281299136926,0.39219988369451764,1.3526296484523088,144.46232220802563,142.04281299136926
172.27052891031263,176.24354745219594,75.31359463981902,99.23816424411244,168.5614491364691,168.35457129167582,32.69128200403021,141.82454441099708,0.17796838837372292,1.259532566827977,144.825625153833,141.82454441099708
171.3629397931591,176.89833597013154,78.83772745176348,95.64449823268676,167.94419651880688,171.9312089169841,37.2007010111367,136.32404374315863,0.3868210589740876,0.9758067453492589,139.90930580739263,136.32404374315863
177.21346643050674,178.2486983521514,75.96375653207352,101.80144460918763,167.94159882135915,171.40150017647528,35.55490586273853,137.9358400678559,0.409857414697965,0.7416515137060617,141.48546715321748,137.9358400678559
179.8269318545686,176.9285378829296,76.0310485083129,102.45264887968386,171.25417849800948,167.86284831508746,35.56808907253628,139.13594850477438,0.9750892134632696,1.1118048086693129,141.3295521082312,139.13594850477438
178.86557836902298,177.23213017911235,68.72391913545151,111.10326081903727,172.32513700417044,166.23689266739925,34.30936020695945,140.89759038849365,1.2409826830570065,0.8800468472419064,142.7487037417946,140.89759038849365
177.83660274921627,177.76520114126112,67.87172807174294,112.78209461936116,173.95950842261175,165.05297727151623,33.2489152851121,142.59464336859145,1.417413070107517,0.7863006019173552,143.9412402693571,142.59464336859145
177.2674496747982,176.83611638111927,67.12633480937328,113.40116755819726,173.26001835229596,165.3549188139727,27.73811649720297,147.0855499776999,1.6719890640561805,1.1159023766534972,149.8508930811897,147.0855499776999
175.21832525367836,175.54128099556337,50.995386804075466,130.30931554426516,171.91757784893613,166.0997503402892,13.00687616188842,159.53731787580352,2.450911886378405,1.6760446870544186,165.87319187263145,159.53731787580352
174.14279146567557,174.84640061828546,45.49216993150708,135.95649006909812,171.33622596974374,167.98675099620152,9.938775842661281,161.9302909438953,2.7174903920018965,1.9118544282605285,169.22579000947024,161.9302909438953
170.32015694319668,172.43710381753564,36.47780262380183,145.64287074470357,170.16322548204303,168.3515795072862,2.5194823128656894,168.03978122950514,3.7174514215068206,2.7976181409223506,177.27656128693283,168.03978122950514
169.30553482976558,172.08458840176425,46.93287177971587,134.6679612086665,169.43641094245822,168.80889170509528,2.9088305890899995,169.23490847998582,3.320118009617901,2.705946157427238,176.85571757349817,169.23490847998582
169.74665271043943,172.0161373940813,58.41399141410002,122.23710085465918,168.60576776408266,169.12427657990986,10.407177250434454,162.51161542480085,2.8588905839663408,2.6533051510570123,168.84652138193775,162.51161542480085
168.86051923499792,171.61848631425033,53.05182948001702,127.58134993988654,169.15969454566945,170.08344514320896,9.013204355642726,163.36309341312253,2.959975757920364,2.757772754181498,170.28698821046683,163.36309341312253
165.64727573392054,171.00172621604082,6.057803908536876,177.73737376749952,168.26777795262046,173.13396549629823,1.8385805088771932,172.43433066230162,4.102931144700022,2.7547728180874245,178.01901562863836,172.43433066230162
167.59661294802103,174.84784960856646,24.604958060205583,136.35279548670235,167.80361063759793,172.6503582285321,23.1479357221168,167.65143214549224,4.966535578413712,1.841671576945957,155.04467762266745,167.65143214549224
168.89286694591576,169.9978726785703,26.734320074774768,128.35176939669023,166.55234715041573,176.01658583739774,30.465301748155742,161.19773389658152,5.0786394627392335,2.7565252031996015,147.13430601987318,161.19773389658152
173.84304458949856,169.2098701931719,28.20862057352135,130.69515612354667,164.91001108400286,175.24294477679368,28.046472083252713,163.3470967237117,4.364459782409792,2.936395861745124,149.66207038643267,163.3470967237117
179.3469284214898,165.05905216866032,44.37066566695226,109.38287295252195,163.1051594629367,177.2723758255607,64.83906844987222,127.1579535270289,4.008253686598456,3.880592203309516,109.86843004431819,127.1579535270289
178.11300005861244,165.0161661044777,49.53943524597534,105.20918190930195,164.04530092658928,177.84784945156383,70.96227777591744,120.63550856817278,3.625120274681628,4.292949643314417,102.63265132814058,120.63550856817278
178.09829042823458,165.611171570417,50.68543570000533,104.44786674463018,163.70492886177425,179.45977195480452,73.20174564901427,118.79328043475172,3.736262429926466,4.4195031416807975,99.90993637888619,118.79328043475172
177.37591669632363,166.07370705378847,47.411577854610684,109.38151713990797,164.2097121099862,179.07624409099384,68.92347597119783,122.52059680746237,3.82259885665931,3.984314055135034,105.12430664835301,122.52059680746237
174.32562217395756,165.8929599943519,50.00142536065741,109.49611093409152,165.32490998379075,177.65611874828275,61.30125137943024,128.02890270473742,3.0033850501365005,3.9647338564923795,113.57125400424655,128.02890270473742
171.81774668756003,161.056333983671,55.21763609828342,98.86004807379481,163.31611435039093,177.02104714021294,76.12263143828964,113.09013407199782,2.5270956494227126,4.707187205488942,96.15945259083855,113.09013407199782
166.1842842156386,174.66285861669962,60.5394808948768,104.35677595345652,159.38394511536958,178.62066609849342,83.33184759100736,108.34402383541143,2.067427464638216,2.6257791802250785,88.81580993538984,108.34402383541143
171.34644004174135,176.70785288700398,58.86853410797954,103.54394145635979,158.73656324376046,179.33804096201897,88.51084373819344,102.85462133730175,3.1592448179118566,2.203567655372666,81.96470579899284,102.85462133730175
171.65262361720715,177.34878875834676,58.76064344729747,104.11694169556961,160.27423678597478,178.30720630693577,88.75310909761953,102.1737883909841,3.336741790323295,1.9864430692678345,81.44003383941282,102.1737883909841
166.0012765006827,179.071122618606,61.36420356700713,108.78971691756647,162.77656380886856,179.56374615009955,85.95791700383158,104.2059153974705,1.8076652297591285,2.1419164401382482,86.58870011475744,104.2059153974705
169.7538882923238,178.2402915209,56.939090145305116,109.55597109146078,161.36878871275266,179.62570233088468,80.85607629143362,110.57666456323184,2.891046317200929,2.4029834782873394,93.05786648582409,110.57666456323184
166.98564646084037,176.25783170454162,46.12330271407542,124.24854115743787,162.696911606803,177.75976141235515,60.928795379363805,129.37480811700286,1.385380257630722,2.287354619480127,115.09089326629842,129.37480811700286
166.155594362684,177.36274459028607,44.236101539070006,127.56154421630438,162.54097405273575,177.42564875574007,56.41493378502319,133.9020683195251,1.3746803090687196,1.950902259179162,119.8614506159831,133.9020683195251
167.55548932259507,178.11954008717453,42.48087264776938,129.53736616387206,162.73652741070617,177.264477316385,54.73300032231408,135.6687647073043,1.5246621635831599,1.6424482331409151,121.54779542324113,135.6687647073043
169.18333026237593,177.88782932027232,41.46770541610912,129.33546616294183,162.64152398109164,177.72738350657815,49.57082600074514,140.70547385157806,1.840177797312058,1.5630931445039176,127.1749485089309,140.70547385157806
169.82239947756247,178.70833924110846,41.44357071681496,130.12616531780594,162.69580262428298,177.56262053031764,47.19844378501081,142.3720291385295,1.870344429869697,1.4496378140648039,129.72350020191348,142.3720291385295
170.22250478100074,179.40884018748966,41.44357071681496,130.79928855808103,162.89723802100906,177.5781479720615,47.058918761262554,142.38638320776658,1.870344429869697,1.3532311710168297,129.8678513206797,142.38638320776658
171.5018587812481,179.99356299525087,41.545737696936705,129.96973330022544,162.91887484762128,177.76901124171297,45.176226370897446,144.1137383485495,2.221100135085282,1.2667243587982544,131.90906076898435,144.1137383485495
172.60417946494246,179.85127875466526,41.58197999785468,129.72139768811175,162.75416941474063,177.78307527918992,46.85964593003626,142.41465518944167,2.315703367865946,1.2708103112797484,130.09040879086572,142.41465518944167
174.3663081682898,179.51470425317268,41.66845449343847,128.3141010645731,162.82614593344562,177.79188254871355,49.993876238237554,139.2060241190047,2.8919836518997593,1.1633572545313775,126.69783876511613,139.2060241190047
174.23615644329047,175.51500816548662,45.647348420770534,119.38868339885724,161.3457341975951,177.83893765659704,54.90942019991732,134.84231188206576,2.8411655222321577,2.0815970191819146,121.5189242585071,134.84231188206576
173.68439496706992,176.28509577769054,45.396794686471154,121.23487160522149,161.00300607721968,177.83813820323536,54.971329222743556,134.82038999425293,2.882529282720357,1.9720145908580338,121.4366179817064,134.82038999425293
171.66359663006605,173.33464978678685,48.80154064633825,116.64087459939742,160.07343207513188,176.9311007199397,59.881158356254254,129.86341123008273,2.5208757690070374,2.589895536156811,116.59139626466012,129.86341123008273
175.1430494057607,176.0408368583948,45.09269903657065,121.73984927944352,159.19911517343667,176.2063737831698,55.09343959427881,134.1786114073877,3.0832779991549613,2.248857216596687,121.8070135972381,134.1786114073877
173.81248337830755,175.30424313934304,47.474466263026066,119.03128539779979,158.66770983501098,176.01529155643362,64.81916860892069,124.237735943003,2.979611569859976,2.266774542094456,110.88124717349405,124.237735943003
177.11706853333772,176.5910809470153,45.55804636232839,113.99438658149208,157.7280831619075,178.00197265910424,77.82803883176848,113.27377690960205,5.089865098547542,2.142187316048732,95.89160139171025,113.27377690960205
174.8431215704584,173.73992790481583,36.922047916193655,120.30839363575089,158.62414189228036,179.1824150649384,67.93210043758978,124.11447294534125,5.054358338478876,2.18354219135193,105.843082117687,124.11447294534125
172.75335674738724,171.3573429268041,30.4752369342853,125.09925087403718,159.35734515766177,179.54864378580555,62.2323824621237,129.91798323147268,5.089715386144001,2.252245840693077,112.04813988754066,129.91798323147268
173.03772013779198,170.42687203618996,26.658673367362997,126.61698144408004,159.71875377981365,178.46523202704245,61.22591155192961,130.93557194621215,5.694970496182125,2.004780915651068,113.1207009588191,130.93557194621215
168.62295028274787,170.40030675020176,26.387749878303094,117.64840820223719,158.82307614444142,176.6686530017461,67.67477046728771,122.61279656231028,7.730050771400903,1.8756431060623853,105.4285968172201,122.61279656231028
175.01366622876452,174.79025341330566,48.08246595171916,101.11489436033304,165.1713633919219,176.94082546899222,87.45696907315155,101.757329169223,4.850835068454783,1.2607126292296043,82.60479077136068,101.757329169223
160.03432479728224,28.072486935852968,66.55023707724068,128.79542272799316,169.0806985999517,170.06662998085167,101.96691024093019,87.00922366019779,2.720969836786544,3.226224558352476,63.37523162822919,87.00922366019779
166.43549256004476,95.06110773196696,64.07712608744481,175.2065374690555,165.55724071086823,173.33032410467274,98.85670299914294,90.37349060565492,3.0749324129275193,2.8587036484969564,67.06489943298317,90.37349060565492
159.28720649266782,159.22472577753467,69.9648111549185,80.487462397721,163.80350625111646,172.28391099777122,96.96513851820333,94.54449488036914,1.3026141563117193,1.3628242681768397,71.76241532429907,94.54449488036914
158.62104608824774,154.70660081182038,70.02407070210269,82.02496027000711,163.65456470611565,172.293910475088,95.22647226174226,96.34019174590986,0.7917570103953657,3.218263002761986,74.85972952177207,96.34019174590986
157.9845987734597,155.72671985661958,69.91802251581925,87.13067300033731,166.81982556718802,172.9377523136646,90.43223644116057,100.61243793012943,0.44123394954676404,4.278196821289094,80.90368611737745,100.61243793012943
159.22756454822377,160.95337570236418,58.42574581378083,107.38423382252657,170.6647467111411,172.93571467258676,76.25999183422901,113.05510817388767,0.2911996613718968,3.170116791184052,97.94774371353458,113.05510817388767
161.01128880103056,163.73616252662117,48.37339620612748,121.42829429639741,170.84708480181888,173.82732678758467,55.24892619094582,132.5188580261189,0.1326853181253621,2.6658059635206213,121.34030814232116,132.5188580261189
167.3737899098751,165.21012520780715,38.5350037039477,129.23891118270112,170.08836909921894,175.699520391795,28.977123126230467,158.93918312098577,1.0696970829047148,2.5817927069529363,149.38248559638427,158.93918312098577
170.96333938497338,166.5079864231589,29.577486215483102,138.48024420864326,170.97156129510526,177.39644355308886,0.0,172.68468453412794,1.2894901328590613,2.39431606859133,180.0,172.68468453412794
172.34256459697534,166.5419967911066,27.98420771873337,139.3601569556674,170.55071843683808,178.16804705738434,7.559270886901339,164.87540141211113,1.6682438795682852,2.4331821928659743,171.98803757578096,164.87540141211113
175.46305666987132,166.6609781517937,26.03513362040003,139.2730345717604,169.91111586414124,178.15593325486958,6.1051991878497045,165.95130904595325,2.4140496802017397,2.4431111511296146,173.51228528167752,165.95130904595325
178.00299240684814,166.75948008481282,26.20065044773812,136.84007803748923,169.33751040896476,177.25928623059565,4.7974345381867725,176.87475657101115,3.3229294611135742,2.4106172605572733,174.89478099087222,176.87475657101115
177.7741620505207,165.94456196679056,25.923820733315626,136.5847239652031,168.9137908708609,176.0823177920193,5.276724508236633,176.62061450495702,3.3169076111013887,2.5021271291048066,174.38044562033613,176.62061450495702
175.70487046361214,165.9559168468942,25.55566438646066,138.46086173253133,170.74631345679242,176.9729782934309,3.707427214121903,168.25996110078574,2.898693961622828,2.492152615392239,176.05560666044113,168.25996110078574
174.66306482820906,166.3068042507246,26.16027077300444,138.58461052393776,172.83080343640526,178.41228567660787,1.9274606788848694,170.95495915380855,2.70598039432469,2.469405268783651,177.95042019705846,170.95495915380855
174.864918511893,166.3068042507246,26.543420946587258,137.8667415448436,172.67976512182497,178.3479814458731,0.7081440506585479,171.90393196350576,2.817290578539397,2.4856058136933505,179.2429569690204,171.90393196350576
177.38121752993797,165.40054488467308,25.90952166348768,136.0180354359727,173.51130452798566,178.45811255389847,6.828572974488238,179.5947844314973,3.3694049164217605,2.5776552610886876,172.66786923795567,179.5947844314973
179.0489280644023,166.38051792779777,26.295751507910524,133.21889642529686,174.73787523627843,178.25966638710537,18.90667208931537,169.2614254475058,4.392223246814484,2.4881180761643473,159.66726891471268,169.2614254475058
178.49311859759223,166.60338429655334,28.131440686585268,130.17652000950164,174.581416787295,177.2898423125485,28.763573773514967,160.39532258041635,4.525173135267638,2.5444880221175317,148.8734153930713,160.39532258041635
179.98045846613525,166.60659109005272,28.23060219996831,131.39501549934275,175.41516114421728,178.05071042504863,24.606522615484437,164.09116808869754,4.099522952343837,2.5444880221175317,153.37685024635203,164.09116808869754
176.28734777066694,166.85983161651708,30.767681312440477,131.09360576199722,174.58417341883316,176.1969161073575,23.27755011287038,165.31138905269873,3.481499362831277,2.549661425856771,154.95536523504816,165.31138905269873
176.50674211208548,170.58897660035848,31.59570062903426,126.5693857616302,172.09830040973048,178.61559689184475,44.56645036907758,144.5562496312824,5.430510178095274,2.0497109428487295,131.82233419016808,144.5562496312824
171.75170232900518,162.90555698841484,36.83621123475897,109.24022401535083,169.17937973146903,175.21539643965548,64.92040597840978,125.138334384111,6.6988425459867305,3.143627002330073,109.08562007918965,125.138334384111
176.7063493229216,159.177518184967,47.57131349402279,101.49787575221006,169.6561229496041,172.57582889325315,71.69572761950734,118.10957020169141,4.469998953187945,3.5975181521024964,101.5722147782385,118.10957020169141
174.378098953913,158.93458765260573,49.7683022839357,100.327341865927,170.3359283103728,169.73997476665014,73.45740822463965,115.9147216238274,3.8503638370304816,3.7020689344412356,99.6741332407073,115.9147216238274
171.2974018838279,160.68727733539592,50.849512371646036,104.6971586480984,170.70712148774896,171.3070621940944,70.1094178700396,117.96223220437437,2.976112651167454,3.636062125227004,104.19420701279353,117.96223220437437
171.41531459790832,165.98068549982213,48.95396335969522,111.3595384294542,171.3814717936022,175.42708471457934,56.8395684218983,129.52037045834376,2.7989970699936855,3.156219970163315,118.82624428988296,129.52037045834376
175.4158818770876,169.4436399014407,47.55611564928761,111.62375314265225,171.44759857138996,175.42967082847423,57.20462420891637,130.3999043337367,3.602786957693681,2.9324598760291436,118.07935446303009,130.3999043337367
178.4997702647344,169.6904014553128,46.59038824387779,109.71006057937348,169.57324805487036,175.57381248276982,64.1932795226419,124.04651296796516,4.456565332575649,2.680584675098944,110.12106284270058,124.04651296796516
177.34726637467287,172.36227572769016,49.49715161466778,105.77722878905519,167.19852696364234,176.5139302968043,74.22983456565763,115.23047688524522,4.524246651712048,2.3643481721852666,98.72829641358231,115.23047688524522
179.96971092319808,170.47034840666916,47.15710050149646,106.66090683787553,165.61061924143047,179.39473526027658,67.07219653101721,123.30398321123488,4.676512403487827,2.701848475631968,107.2174276737922,123.30398321123488
179.7928063111827,172.35613021211057,44.84009738771587,112.26091412133692,166.66438323782285,179.80217418367087,66.48043675780578,123.51350173817886,4.72165153367069,2.0675270632046225,107.56658415825308,123.51350173817886
179.90568049989986,173.76174866409306,47.168511570360394,110.58791161202248,166.672442354753,179.39543197481328,73.97094469149502,116.44895557974709,4.837375209391557,1.7467825716775078,99.22115813933931,116.44895557974709
178.88643638286482,172.7395532159935,48.56516892377573,108.46450939272947,166.45368765753986,179.90012569881677,76.6693090055209,113.71946686696322,4.891141584128647,1.7156837675898367,95.56598626646996,113.71946686696322
177.69729769413453,173.97749044164473,50.92607300454206,106.82353983477108,167.08472253208495,178.66686331988,79.80478319312651,111.28430620360626,4.809725506896882,1.4710926654150684,91.8842725207254,111.28430620360626
176.00304849698568,173.15533676022048,52.599671363745415,103.61765941424727,166.23774896321447,177.17761420172016,83.46205458416108,108.41706066255625,4.788158496894853,1.5765307629876621,87.21707327878238,108.41706066255625
174.6957530958094,173.27946050257918,54.077053800929455,103.6156457901156,166.0033056104141,174.0129557715005,85.88742860624494,106.78087795566637,4.662332576833666,1.6783826924100482,84.60044221375648,106.78087795566637
174.67370531930692,173.12258703415972,54.60785097810495,102.84061144257004,166.32989945399532,172.4125632783481,86.29094389574472,106.95988446556365,4.757944586289045,1.82018142468409,84.25154542107538,106.95988446556365
174.5540918707206,165.081944104616,58.027464439825245,91.94959623787372,165.89761875224664,172.58026506629704,88.02861761889315,105.20964152544644,4.604208130444297,3.2609436933762654,82.2112516856385,105.20964152544644
172.78389345834682,174.0945627025895,60.58199266568578,96.75812118427791,165.59982876940748,172.39810217796432,92.77715018155166,100.13234454403579,4.291092565854053,2.217352509485792,76.76055962488181,100.13234454403579
170.3781572104713,178.62091505706013,62.80714978043246,100.34448486027463,166.64204047616403,175.107671441334,92.2541260871999,99.52779198556863,3.9730529494375317,1.0618343196153879,76.84702739473767,99.52779198556863
168.2892176487102,101.34286318216482,67.03950611338182,166.29209551384426,167.5413327129357,172.53995655016362,96.30789436846422,95.84006354205422,2.9721585614317183,1.8462283224474278,71.02355418653883,95.84006354205422
151.2215589136553,33.95473310640286,86.81199200455634,139.06994495833217,176.64876109963652,145.18898054073753,106.92065992433432,85.07982163278962,0.5996223610862431,4.364460119921629,55.808285453215944,85.07982163278962
166.6947634939089,117.93591548846396,75.76680187757326,139.27644260081308,169.52689279291937,166.75620308763146,99.14552837863626,94.46100780612403,3.2292508597591967,5.612955860173749,67.79083747409408,94.46100780612403
174.44586294314283,121.02589943559454,62.15067432774563,136.6777157239738,165.48031768254347,174.99937517696074,98.17337756422236,96.06861655495385,6.748927206718988,5.376050159513405,69.95765851663333,96.06861655495385
167.25316535737073,117.68046268047254,56.073447313905206,137.83702704991714,159.98461435342506,179.633223104392,95.98207741325209,98.01961699748244,7.876841462413716,5.1836170801141375,72.41763064267349,98.01961699748244
177.27976763224518,129.76133127493515,61.43622031495588,131.87850596672797,155.55125576088793,178.18787240906497,93.94526567487178,101.10317721528907,6.006981157003684,4.179798187827501,75.31798496206335,101.10317721528907
173.95901017834586,148.38485846203824,65.09988879631331,120.23031815543385,154.01249973453187,177.6829376141287,91.63995804082951,104.12331713580886,4.460040467915961,2.1163465742522645,78.33096330991418,104.12331713580886
165.363796788793,152.7391961109764,70.46904825503144,116.12899854350633,153.14967421107085,178.03463737957435,94.21705740514528,101.79174284462266,3.052999236177179,1.5055180015067005,75.82267764325701,101.79174284462266
164.35206624047268,156.92821188511044,70.96487560060957,112.05990474055469,153.0227889355556,178.74951215477702,94.33425317924831,101.5792793061816,2.7975336546426743,0.8540539310708511,75.7006168820771,101.5792793061816
168.5529872339681,162.0598150248799,67.53278660528781,110.36079711009589,153.37805611900131,179.96150253921195,88.60857213861593,108.07512585994724,3.454837837774253,0.3055467854047126,82.54400614614457,108.07512585994724
164.48397712925367,165.72830029282855,68.62157180558185,109.2890504462433,154.49753428333304,179.11431424402744,89.83789683072473,106.50197650872948,2.6578572875125244,0.21816655878805066,81.18587124558451,106.50197650872948
164.2410903497575,171.48206519984853,67.12570827848856,108.22161882385956,154.6722544257237,178.3008896208293,89.88466415530169,106.66654300295636,2.448537370401652,0.7787842827128043,81.11758168155393,106.66654300295636
167.90556075965063,172.4251847082044,60.779961001149076,111.48243495052756,153.17504216063938,178.2779855555721,83.23140022918184,113.3718707114163,3.0258352799667705,0.8925994466510877,88.1145548560815,113.3718707114163
162.8579561235559,175.90888827619298,62.66014454773678,112.86530187639963,154.26768413008404,178.41540691448938,79.73870272463422,116.9480796940114,1.7871429295382373,1.298814956527509,92.74717488709229,116.9480796940114
162.4353414525598,176.34755143286114,62.96532180323237,112.7144123531672,154.78148125338484,178.42329227951828,79.6391713041598,116.9480796940114,1.7156407025559108,1.4050779136214193,92.82215529981181,116.9480796940114
163.59372958549508,178.17569420895114,61.52764165613767,112.71704079533978,155.8026078035632,178.46398972243384,78.34114947272813,118.06220682922572,1.8815608895065885,1.6004774117445895,94.41499013505012,118.06220682922572
162.6915084239649,179.43694651887643,62.41191863425417,111.71848092273109,155.8106444207262,178.76296962563507,78.48571043185832,117.7403847560002,1.6303384990306335,1.791096571796646,94.27473298827232,117.7403847560002
159.6740434465914,178.6376165376967,63.89946531558999,112.47481265156878,156.3318874007525,179.0535196813821,79.59049180906484,116.35864642221364,1.1186046658886715,1.7421516238130927,93.21475580860988,116.35864642221364
160.18170527792793,178.78211265530874,64.10313619105357,111.38084878866218,156.75532042827908,178.71186134805697,79.99602292677238,115.64737215546879,1.2265757769619723,1.8553821175448872,92.66433293862298,115.64737215546879
159.770422925408,179.76330713199758,63.66092039789037,111.20698138604575,156.50832128312527,178.72186934437667,79.11133399302987,116.19779502545569,1.0923137624584016,2.063546772395567,93.69912388318079,116.19779502545569
159.02495003037473,178.74060891764773,63.61460780176482,111.05594675117234,157.1248693692101,178.4840239451115,79.05326887025495,116.19371738875546,0.8560418561087759,2.2494435793859964,93.71495029566984,116.19371738875546
164.359956622183,178.83921932494806,61.28198603382155,108.27925415312424,157.69826591341763,177.72356412079395,77.87012674284964,117.11717487631319,2.1940408319008813,2.272091155832635,94.62148739756572,117.11717487631319
163.81395529643032,179.16917759929558,62.13299615034313,108.19916505304542,158.13808326517764,178.31576669857535,77.28557635152394,117.50145156273817,1.9622367864169832,2.244859715597962,95.36771574254897,117.50145156273817
163.63637710370654,178.02770739887137,61.81574039716234,106.57249220641091,157.75139672959776,179.15107991267507,78.45330945407267,115.77153156246564,1.8714047419640862,2.3223780494337167,94.16830865326085,115.77153156246564
160.94310022848103,179.91052202040458,61.12122632509779,106.26020470831196,156.71881111082837,179.49585927370507,80.52752174885205,114.15005672742868,1.8387175252177073,1.529220765038818,91.62227300889975,114.15005672742868
152.04974761644203,152.14572075609502,68.6694872454234,126.25239440974997,155.42299791650794,178.2298683122677,89.16404337111152,106.98096831523375,0.8136106989238889,0.3213440807154824,80.45861344026179,106.98096831523375
149.37004781154434,80.8347023013036,73.15124836053216,165.65066795705286,156.2863479347818,177.7125212116653,92.31264942837228,104.11332998704549,0.3409737857847194,0.9155294996417944,75.85220541593651,104.11332998704549
152.4319739111015,141.59160993503122,69.13237959458083,136.24536426676835,153.59234722951774,178.4216467522489,91.32984824866743,104.16003339225838,0.7373976291071943,0.9466088866433321,76.93407814097247,104.16003339225838
152.48438100741376,143.1955909590078,68.00713418421792,135.72244640043974,154.0221126620045,177.86283753405363,88.54607417618186,106.42692542764482,0.8025446364579062,1.136034460011458,80.52021035600796,106.42692542764482
155.68560229111733,149.9275989867855,65.56721698175889,130.66615286895754,154.3825507148298,177.17679339787298,87.2478813037136,107.87336966789474,1.1889960289440418,0.8552024186484181,81.886516302943,107.87336966789474
158.00192805646367,134.33140814614362,65.19095311781015,141.32596383969303,153.52330369003272,176.9990513971254,89.49367925039456,106.67919739426225,1.6133479398049198,1.0437818139722617,78.91003798629504,106.67919739426225
156.25702246993657,116.23513670710369,66.5751856937145,157.69959000722625,154.787921766533,177.10530002916138,91.18862935750104,105.43462561618,1.4338200433585968,1.3407751307463094,77.06025859267737,105.43462561618
154.62772507026042,125.10056814047778,73.2560474275849,145.79049267557318,156.72358675917076,176.79017732685728,93.66609813755689,102.10516881222605,0.826925738990497,1.3224740209366048,73.7909003832176,102.10516881222605
157.8088727783182,152.15915989331606,71.21308951049163,120.80685917514413,156.06638994410181,179.0107512945739,94.72117591446043,100.55451157760046,1.308188868792002,0.4889398581659649,73.55738517621126,100.55451157760046
172.81447828090964,167.44244378372113,53.49765673115165,100.69934337430414,152.5154658717094,179.75333314140394,85.85222346191912,109.32532179881005,3.1766701546736886,2.694958675759384,85.4251474749235,109.32532179881005
168.93603036827335,173.05915148421573,55.37628025255419,108.57502676783022,154.17048009155508,179.20709980348153,77.64464013491647,116.05501320011129,2.011333692474188,2.54508619150643,95.66903079339653,116.05501320011129
169.56190942081716,172.43610911070775,54.81756238090084,109.81865445500986,154.77551252496505,178.41618842913806,80.28157662737196,113.57701001290908,2.1826675484825357,2.2754118719885637,92.66084804230275,113.57701001290908
174.78409719111278,178.62942758846478,46.59796566630353,121.15930450834438,154.54479059521574,178.85022575585597,68.42382126037053,126.3824322692075,3.389475743767919,1.2400269643851325,106.29668835058072,126.3824322692075
174.37555846157483,171.3298409023652,46.5008112190521,116.04099366616805,153.81870783819986,178.8853670096849,68.3692458580271,126.48203376189457,3.3812376032913516,2.0242685424587354,106.17569166427535,126.48203376189457
174.26658829114612,169.84665509243717,48.38387570057925,111.95525279004835,154.69599098713317,177.3872305378161,70.020907883211,125.18682659675645,3.1450920798439097,2.489552921999147,104.49091150814078,125.18682659675645
178.9113052384152,55.100830023535984,42.55724460054819,124.65949965934998,154.8039850472984,173.44513335121854,83.33705437356875,110.39290837041011,4.791209394935153,2.7354628525772515,89.55428254262716,110.39290837041011
178.16673027429044,175.42494690454333,40.647612969201504,130.23635830927384,156.56365604656577,177.22022761311598,75.38580929367947,116.94309702194047,4.954163487117861,0.18734577401800503,98.72422929063305,116.94309702194047
174.08873700591423,166.3409625269616,34.48765552383531,120.89469107355242,154.87782989791793,178.83602498471322,67.51337535533261,125.25243930152203,5.727769857903438,1.6510841382843198,108.45078951356427,125.25243930152203
174.60086157139358,168.8303950538215,34.250266880727644,121.9286202292715,155.33554140083473,179.72117618766748,59.69478664549008,133.29018595585845,5.735520865385744,1.5362041026522457,116.46030581019878,133.29018595585845
171.50860040817528,164.14144677969747,29.322041892271724,121.711345865238,160.9387644336082,177.99197660472282,36.73719196649816,154.89557696732138,6.2372324965103125,2.3362533558320866,140.3695755522981,154.89557696732138
177.15913521443355,166.36070764162622,23.710212580400356,140.51749002379694,168.46527025415588,176.36684830095737,10.447390036825654,162.3101493610285,2.51010783067156,2.285990336681592,168.5585649349611,162.3101493610285
176.59443752222603,168.36328335724448,25.75991790533758,140.3647311884231,166.94679636817855,176.5212597483358,3.4511577499335706,168.19472730654368,2.7406613245769034,1.974970149219069,176.22696471425172,168.19472730654368
177.1146817005787,170.45081809688284,26.498116885666377,140.38258727595942,164.3178104440002,176.106368942258,5.875300003263141,175.81469711492997,3.154057039374752,1.5940888271873865,173.57281611798598,175.81469711492997
174.32053635881195,171.06863110435285,22.777277557158637,139.09054030631424,164.84204478843245,175.49996283338857,5.6262625970242945,175.7632247963447,4.856138104678631,1.509458375755452,173.82924423588986,175.7632247963447
176.06842619420814,172.9466196190725,22.554666169941235,141.1886159632416,167.66997151451707,175.28523979744028,5.491758199288995,177.5534329919258,4.338892601411294,1.374643507833687,173.97797889797786,177.5534329919258
177.2747352013419,170.19924437444405,20.429791684842268,142.7537513797651,168.28441108445497,174.77509142645667,1.2096934245800517,173.66095916463195,3.885962839927839,1.7323997146324848,178.6779821588896,173.66095916463195
178.93973674878347,169.5362626595235,20.7728316671973,142.74263110758588,168.8272600668038,174.57086790418228,0.8815580908138297,173.6632512341865,3.3570860303906316,1.954257157574787,179.0367685171805,173.6632512341865
179.70403341770808,170.62528074734044,22.90765465153276,141.9200018056955,167.79618683564397,174.16864567426856,5.161773990626653,177.34088905029355,3.2092834170439537,1.7992647167770732,174.36502577958245,177.34088905029355
179.03040682009288,170.01455416976927,22.204350866210486,142.74263110758588,169.3516492755156,173.978910215622,4.234726427287461,177.34318111984805,2.907977185123995,1.9105101290195972,175.37604945563092,177.34318111984805
179.80583307244052,169.50992827188134,22.265672289368744,141.67860474663794,169.3516492755156,173.978910215622,4.234726427287461,177.34318111984805,3.05126205606569,2.0204578721220647,175.37604945563092,177.34318111984805
177.4714825784344,171.43911042883542,23.93546914989076,142.87948995051553,168.79410279069444,174.26731526837546,6.4090982424700105,179.51445416999186,2.652049196801132,1.7496789247341031,173.02238150916827,179.51445416999186
177.41636308205588,170.5938425981742,21.72134028354219,144.8484193704453,172.05915618155456,175.34297928299537,1.2969275485120175,173.82324367371152,2.498075403498621,1.8647754575289988,178.5824578096186,173.82324367371152
179.48383577023515,175.78820752277775,17.383062109666692,160.95703715737417,170.56786675151446,177.73169276021227,15.634136104596829,159.71192347843512,3.0559446372215024,1.8778774472853614,162.95180329070246,159.71192347843512
177.96951527189296,178.6163130326315,16.266437252561616,158.64007322792162,167.2213906335873,177.95272476386947,11.273920046636144,162.16710474413787,3.7732139803253366,0.9136872307354698,167.70974260610242,162.16710474413787
173.3569258974188,178.17470083278735,33.490368215930076,144.42192091291437,166.14452649918996,178.06348288743513,11.643431498761679,177.1728754218387,3.4070435323095563,0.7321279050373113,167.4314173722028,177.1728754218387
174.04014457272012,179.52653146434537,32.07902874703319,143.81640301420583,165.63452400633136,179.89065704206763,8.920023086238139,179.16847958052278,3.5700985018082365,0.13806185209686653,170.3738290768431,179.16847958052278
176.8440298646726,179.38394009160078,34.27789533106189,137.76902269749968,164.24963936577063,179.80309866426745,38.114650733254614,151.40105264663526,4.447006575069575,0.08618538800735219,138.78645057888443,151.40105264663526
177.17272499881298,171.71247810355482,64.51859852473207,112.07246969716269,163.20036611372075,179.62295167216294,41.284818532100076,147.64781434170965,3.9854406063139254,1.1288119818399012,135.32305148544398,147.64781434170965
178.4234499448163,173.98622222196926,63.07001248719138,114.26009775080098,160.31654688336027,179.75584332655697,31.746110459124427,157.02129352561084,4.1039429198451804,1.8509994932968359,145.8283449610132,157.02129352561084
179.74907118308533,174.73942024953914,66.5014343240479,109.00598419603676,161.00273333711365,179.58974590145576,31.67112666850948,156.76749328302452,4.407181464989478,1.764526468248118,145.95892930498223,156.76749328302452
178.5335321651041,177.53572775377364,51.98329724392408,114.11287494154709,163.54538599226404,178.08090591771017,59.08451581558664,127.75264669346268,4.0683706586847395,0.8762460947768906,116.26121820739544,127.75264669346268
179.9980110466383,178.03283689861584,43.70041245308163,122.31685853327642,166.47045814891086,177.94975546153523,50.6439007344742,134.97648921776883,4.362554322179661,0.7757175066110654,125.35252200415454,134.97648921776883
170.20736441022137,177.62581315755983,31.50327222526173,129.9483629447156,165.69370626627287,177.0404239575604,26.18239817964418,159.61897734093444,5.719460419595836,0.9639886964816269,151.8782959383716,159.61897734093444
159.9840403971173,167.0933479034235,13.162552056510064,158.8329667269727,167.88737944798783,179.09382118162156,10.917524224097317,163.65832527697043,7.041785807291601,3.776531793182087,168.0872521992477,163.65832527697043
166.3084194600273,177.886447509878,26.762389481278984,136.95217319156345,166.17554930492435,179.9188150340556,4.388945028410923,177.71966974153833,5.589490942061915,0.6021559404059106,175.23218428560386,177.71966974153833
174.41320169191908,176.32193594310243,42.88635235258325,117.25679899325146,163.34333523194746,178.39668146775747,41.89872295996311,150.70000056373632,4.7197879318689315,1.972428952759963,134.64798237844016,150.70000056373632
173.03656562931533,175.0782419081933,39.51569468675617,118.44572941526462,163.09257145377774,178.29962673273428,35.84622759945719,156.83730628141262,4.362093054032957,2.3111767070234537,141.1678966610421,156.83730628141262
163.3105283512655,170.93349726018383,33.317998079101955,106.85971189723892,164.54714631311788,175.7434919140476,47.18780687414737,145.87512024514132,6.626483525144876,2.6026822645668566,128.24041370254605,145.87512024514132
155.34997951406265,153.60385171250095,23.058562853982334,152.2924493998777,173.4955172835348,175.20399864976733,1.4135801676944244,173.00162028912828,7.423538853312063,5.247404467974737,178.4496626413566,173.00162028912828
161.63739615876017,152.5503431399129,14.062960533807054,165.85929761496948,174.89873656681652,177.66009941241163,9.417167850685054,174.77058875237017,7.0201016814019725,4.5158195084925215,169.90616389693375,174.77058875237017
171.02399738013708,167.0831385852579,72.88766248173147,105.27015828085035,171.42706584206908,177.83210972077887,9.603539217636298,166.8659776936037,5.446358173176056,4.042160177562653,169.57712305008937,166.8659776936037
176.98845475384047,173.48295344920228,18.365660096574913,159.64880680458162,169.0928431724082,178.33868183061705,33.67327214054507,140.22654009698027,3.742898170580952,1.1387547856144506,142.87167845605853,140.22654009698027
179.62950818449042,177.8059389530712,22.82277172614255,153.3628039642486,167.66816757548304,179.7547466702493,37.89409498444983,134.51307875218689,3.1662590922007667,0.19658216246229707,138.17983011986425,134.51307875218689
179.0393580370004,175.48997511301863,72.30447501341273,107.38306210966667,167.62616373969104,179.38895040388667,42.487025849827184,129.63255912548678,2.951134317122268,1.1189399464549303,133.56018199057115,129.63255912548678
178.0197281829483,178.8426669318705,25.73001865531585,151.606980578617,167.8409717174118,178.14885594198438,42.88284531803662,129.08849566307322,2.643462711215474,0.18387287908506678,133.4737044768491,129.08849566307322
178.20140566494712,176.08261746208396,29.235660056459682,151.40528525793442,172.42261734897994,177.80629528532504,43.57377865905664,130.5598360563551,2.5410591289568583,1.2375346164983578,132.48422875485537,130.5598360563551
175.80807005942324,179.64072208752955,21.643326912278866,156.12568342927804,171.61818798780052,177.80741920263995,45.66866504695798,127.99598699471483,2.1754160029195795,0.5241816743054273,130.4047577842855,127.99598699471483
175.75588680513766,175.43554671403373,23.32801123017515,150.54336903185705,171.1371714328351,177.94066067723523,41.89196906500016,131.7746821102939,2.221321288396105,1.4560022905015253,134.69460417144245,131.7746821102939
176.0194119660809,173.52916163139403,23.14444508368102,149.11284205800433,172.58039654668127,178.10209473307037,42.800372112445515,131.9316287147352,2.212452369803605,1.8076448486065797,133.71435020329346,131.9316287147352
177.66166149519182,174.59891190842072,20.694670462430082,151.37685995184447,173.53494648503127,178.28756092091746,44.296003444669616,130.71885035339545,2.421467820087833,1.6102030436430652,132.01384123074067,130.71885035339545
177.3111947939773,174.04090311910565,19.478810663459342,152.66402856563104,174.79590939536797,178.44710310125996,46.997995347402046,128.61615655251748,2.218162188770512,1.7117781790525857,128.9275435927923,128.61615655251748
177.53127396947306,173.25082521043032,20.161125189034905,154.07181718461962,174.47735860191136,179.978733156326,50.21884753959145,125.55057249674458,2.1399384353097495,2.7754313404369855,124.70160539534871,125.55057249674458
169.11625170183396,173.43195767903507,41.828057962072,134.32502204317225,165.884518456294,178.30982358255446,15.9200446506229,170.83307515151452,0.9054556112450542,1.5476562513722885,163.0712331988835,170.83307515151452
175.10372665788793,173.93696442341957,27.25049182471698,144.1556211364343,166.1534003829986,179.9106359930549,5.827591893860338,178.57103620479717,2.3028833765207777,1.5807060345703736,173.75091003369377,178.57103620479717
172.04247477308286,163.979748533094,45.0,113.81865049973379,161.44900211807445,178.182815611423,57.428494220438196,131.16468090286668,1.7247093149574695,3.5779803893047233,117.74254661817415,131.16468090286668
176.65946356058612,164.88719956820353,40.7941577328197,116.80623872140217,161.63506294627356,179.7842472075402,61.27185492765384,128.36913613984217,3.234810293458154,3.0127875041833403,113.1917874052127,128.36913613984217
177.99223576665676,165.324086434164,39.41365658716086,117.9612291950458,163.58859029915413,179.80920816943635,56.666767983680245,133.36789715212805,3.6320433778031447,2.954732136487821,118.2594163534869,133.36789715212805
152.24024443449028,14.534455080540111,56.238197032133854,98.10873927553631,163.45504388898127,177.70636501398792,85.02766764082972,104.88389589528828,2.4537775103772343,3.533503279110689,84.12352296322172,104.88389589528828
166.53202697940918,97.07230635502015,46.46966662811313,159.3410899366925,164.35119536947656,179.13964369181375,78.01046921333767,110.99331956642516,3.1892718379991107,2.7097598505245553,93.06349367159123,110.99331956642516
168.68086250849458,161.27004350824794,59.46080933715058,134.01788283677578,163.46185519374976,178.54567538538606,55.08038322635394,136.7755901899345,2.9118458758439374,3.5275154401247675,119.22012095247493,136.7755901899345
173.1117417230053,166.24167395953447,19.448927545707313,164.30141869331686,169.23074315086518,179.1194213398782,1.7999953615577293,177.33189668621736,4.9058665574404525,4.937127829305702,178.025969857732,177.33189668621736
171.928358117957,169.9715731620024,17.474774256255667,160.81844061917857,170.60089488237116,179.1118546061349,19.381900269695475,156.92862803795097,4.7316193389706696,4.20909887222659,158.65170156241243,156.92862803795097
165.2353040662208,170.13198366638227,37.901290251413606,143.5886954952896,172.2887534816777,179.16676642820912,27.73149634607612,150.3009106540744,5.49141331596025,4.0495817032713886,149.44013080422263,150.3009106540744
165.1415691813799,170.2273938492908,36.7949549838459,144.65451055373956,173.68152110376198,179.6960464614222,31.895060788643427,146.30993247402023,5.534335987677114,3.959200250289705,144.70392948473798,146.30993247402023
165.66867415307735,168.8017006619025,41.0963247495136,140.13422431697632,173.8506744227091,179.54041804247004,32.653990433497626,145.88552705465875,5.054617243217198,3.8474315816451936,143.75126829215645,145.88552705465875
162.79235864595753,167.98898875813876,44.29398386343625,138.64080408954086,174.22222860313028,179.85222847348723,33.42714800631919,144.96189999240468,5.493323637087035,3.7131033281623327,142.6428166749771,144.96189999240468
163.6325161023716,169.68258039570765,43.424078236236774,139.83795524115996,174.73733986856607,179.85846588634513,34.7472338254987,143.6470859162371,5.414557952891102,3.5447664555948775,141.1541868340483,143.6470859162371
164.8779301552485,170.68766845310773,43.158107305038534,139.81531485572452,174.57824432478253,179.98840563613362,35.55111656913437,142.5277726033189,5.257460948446913,3.453645527158275,140.2188625375766,142.5277726033189
166.1206375858449,170.6735140248849,42.41539510348758,139.58898909701608,174.22255067404163,179.9826091312689,36.08426598805135,141.51296307756937,5.135575615261224,3.5657495276185824,139.72465257552452,141.51296307756937
168.36783822850077,171.36392322258868,35.7304916740657,145.75203900433004,170.32902093692945,179.19307054489767,32.41017444436019,143.13010235415598,4.929218450752202,3.4238894629613994,143.8309332044184,143.13010235415598
171.4759930881574,179.06642833013456,0.5514230382904252,170.8714046103799,169.22217464188336,179.64139205867917,27.91906294197973,146.8946256611422,4.758750932215186,0.11986547264641058,148.87269744346358,146.8946256611422
172.30683287510274,176.9679686536375,4.248491122709963,179.13728873066546,169.3203212310065,179.46334951421323,29.929922019691993,144.9806225124545,4.605154569342141,1.1269847254779215,146.63120643797242,144.9806225124545
175.7379291456536,174.59976227152575,7.094145781030679,161.14570054814152,171.09309245724344,179.7493701430486,25.737901803234198,148.33873145018364,4.3651983551944005,0.8276946133330664,151.27549756452592,148.33873145018364
175.70363633627767,178.77076221738147,11.287937934020727,163.09426412200045,168.41114351298808,179.68017481078104,21.445882674650573,150.55097687268815,4.792170707213139,0.9789954809250561,156.13774499544553,150.55097687268815
176.87220893415758,173.5525112237701,15.779701856467117,154.72609417551934,164.98067416721813,179.97444149628072,11.890751045696037,157.60666037779956,3.944362465428039,0.7349949626586195,166.87615366002063,157.60666037779956
174.18396730349468,177.04453888007725,35.5102807936661,140.68928491651565,164.61320535871863,179.50809314532623,4.767622960431622,164.85357431094437,3.1333372983701735,0.25728630447970596,174.7546471820986,164.85357431094437
168.14457708214454,167.8943439732405,41.60981806089275,144.2399018209791,162.52606481946012,178.77424465082044,45.94302419201386,145.5136560226482,3.7368830284469188,0.8934000242876488,129.8865168507032,145.5136560226482
178.52496929809723,159.62356478616357,32.977040370947954,156.02018092801174,160.85121870414972,179.48264246981097,24.748120632370867,167.33018573505032,5.753575709716261,4.928304841385243,152.9653218032323,167.33018573505032
177.53004462290758,168.51814423474167,36.68655177722101,147.03468230399525,159.5698020267143,179.3376505526278,10.830079543407011,179.3376505526278,5.361801056654782,4.5237272824127635,168.27488798483492,179.3376505526278
175.3629995529498,167.38900341445935,37.6710849406314,145.3352328934186,164.0981565402472,179.3376505526278,1.7357045889283913,172.5322470932162,5.524316480810678,4.819869023658387,178.11181199325907,172.5322470932162
176.05423166242107,169.4845282929728,58.24681615466879,123.34486375748747,165.57105002233317,178.99784367616238,3.3686213007133783,174.66196457792776,5.2139132407470825,4.759367341644891,176.3426884079673,174.66196457792776
174.63083018516926,175.10524691452665,36.12989017144477,129.21517176574855,164.3019161222256,177.93285973955525,17.343145595942907,170.5970667513065,4.973785826115353,1.2688436056223453,161.27377729525497,170.5970667513065
174.65913611083423,174.89783474764184,36.3680521899909,124.01960121217903,165.50473911721647,178.86102883669108,30.952936542594692,156.84768733270676,4.686395798893833,2.0581873989156954,146.4160039661522,156.84768733270676
174.57532469206782,177.39600070551822,36.289346240001294,125.71251309060744,164.6228698436369,178.58557678859788,46.41180980987687,142.52850108396052,4.8249410268416435,1.2664702481797974,129.37934718422443,142.52850108396052
172.34093715568088,176.2838414446282,34.63154458760496,125.69166251231178,164.59479154452703,178.0177190217849,46.41180980987687,142.69528568957463,5.0492097466315915,1.2581294761295745,129.37934718422443,142.69528568957463
173.77905007884038,176.53244700494562,35.10408357310116,126.28575169907151,164.596452498931,177.98267892164688,42.73560771542419,146.5594065955848,4.804719161950539,1.5244841312763662,133.32587686747286,146.5594065955848
173.77012711399706,178.09675252210104,37.73184514457309,123.75160969298156,164.0635536451564,177.7731590139623,43.03538095707609,147.339778229926,4.827175006514952,1.6790663778357682,133.1601257859202,147.339778229926
176.8169104431947,178.16742686835542,45.94450763577678,120.21944297858343,163.6850139690958,178.20992448476338,64.37947815000703,127.93071882759693,3.6714598558063196,1.3558211715141788,110.11874007331878,127.93071882759693
176.31890711821185,179.10632215899298,51.7976739107919,112.67674124603582,165.52748693941808,176.67306668263194,72.27319522773654,119.51724519271889,3.911746118260014,1.5297063144078826,100.71416468637489,119.51724519271889
170.7567101701602,172.0164697926243,55.955068008892404,116.21387917957404,164.7801606197862,175.69336173633945,77.40258082509767,113.86123176711175,3.3008007884404034,0.4663564087666581,94.79501556222885,113.86123176711175
173.77033213512763,170.99087974721763,53.80166920788042,117.11305722553334,164.56812512286737,175.66596113793443,75.12456102217129,115.95751821788329,3.697472397172519,0.4572431170050483,97.15575442509078,115.95751821788329
175.77835887759312,175.68565961844763,41.36096064139636,118.06818932263621,166.81742268970368,175.72975868186614,45.255718412726566,141.4583724903457,3.653816820729682,1.7576990440363731,131.16143106837183,141.4583724903457
172.90828062803442,163.65644381220332,4.763641690726179,173.54909753956707,174.2388387493824,175.71571222679376,16.67796051301382,160.69436167864362,4.616156916739427,4.051837649617622,161.75667514325227,160.69436167864362
169.96850244667587,164.62720353221613,58.1558426189651,118.97938198161556,176.5059922777028,175.67843631565626,39.12684482061335,138.29584267610272,5.506733053230777,6.120419812705527,135.86625972936844,138.29584267610272
170.42897962282925,170.14988279295838,25.081275398404,159.3082572506269,173.70638796261204,176.3490227205502,27.236330505410876,149.34399553680748,5.3932219167437525,3.6872361461809513,149.6701421687948,149.34399553680748
170.95358447850052,171.93962282827908,5.386530996405801,169.61794555146474,172.99991023591468,176.8776771535321,25.00471793670578,151.0886609708504,4.854296974528308,2.5524228033168725,152.19632694966865,151.0886609708504
171.83764256602024,173.9913929354057,22.38521431492724,151.64174402854073,173.37365304879714,177.57392744233073,19.015898987805365,157.76364256832954,4.716020080869965,2.0679263362550637,158.93370797510866,157.76364256832954
171.43105182244577,171.76247977540683,37.415418525500485,136.59256656826216,169.9246069217714,176.97505974256723,13.010663781978113,162.07967008819514,5.097691254945661,2.3370044604916407,165.66393086874032,162.07967008819514
172.25106865719778,172.1027124970786,44.281224530666044,129.64163980798287,169.40379914755775,177.64890062670463,1.6653008875881599,173.60599061293362,5.042342304257093,2.334756706198692,178.17137939964505,173.60599061293362
173.45961417180337,171.61972826415845,55.868525340168716,117.27576668962499,167.58601834099719,177.42281118318877,4.961678919291956,179.3930634013444,5.433751866711446,2.244316284607603,174.57533935099485,179.3930634013444
